[8, 6, 4, 1]
fitness:0.602538
sat:0.539944
cond_rate:0.928571
mono:0.000000
